power_W: 30.0
duration_s: 30.0
wall_thickness_mm: 4.0
bottom_buffer_mm: 4.0
cooling_h_W_per_m2K: 1500.0
insertion_depth_mm: 1.0
nx: 281
ny: 141
dt_s: 0.05
source_smoothing_mm: 0.2
lesion_depth_mm: 2.7550288044576625
lesion_width_mm: 3.6450408277019326
lesion_area_mm2: 8.052244897959229
depth_to_width_ratio: 0.7558293403793256
depth_fraction: 0.6887572011144156
transmural: false
overheat_area_mm2: 0.0
peak_temperature_C: 65.76571451583307
