power_W: 50.0
duration_s: 10.0
wall_thickness_mm: 4.0
lesion_depth_mm: 1.2000000000000002
transmural: false
overheat_area_mm2: 0.0
peak_temperature_C: 93.92565672859952
