power_W: 30.0
duration_s: 30.0
wall_thickness_mm: 4.0
lesion_depth_mm: 1.4333333333333333
transmural: false
overheat_area_mm2: 0.0
peak_temperature_C: 72.78606929406729
