power_W: 50.0
duration_s: 10.0
wall_thickness_mm: 4.0
cooling_h_W_per_m2K: 1500.0
nx: 241
ny: 121
dt_s: 0.05
lesion_depth_mm: 1.2000000000000002
depth_fraction: 0.30000000000000004
transmural: false
overheat_area_mm2: 0.0
peak_temperature_C: 93.92565672859952
