power_W: 30.0
duration_s: 30.0
wall_thickness_mm: 4.0
cooling_h_W_per_m2K: 1500.0
nx: 241
ny: 121
dt_s: 0.05
lesion_depth_mm: 1.4333333333333333
depth_fraction: 0.35833333333333334
transmural: false
overheat_area_mm2: 0.0
peak_temperature_C: 72.78606929406729
